MFEM mesh v1.0

#
# MFEM Geometry Types (see mesh/geom.hpp):
#
# POINT       = 0
# SEGMENT     = 1
# TRIANGLE    = 2
# SQUARE      = 3
# TETRAHEDRON = 4
# CUBE        = 5
# PRISM       = 6
# PYRAMID     = 7
#

dimension
2

elements
192
1 3 0 48 144 51
1 3 48 12 49 144
1 3 144 49 36 50
1 3 51 144 50 15
1 3 12 52 145 49
1 3 52 2 53 145
1 3 145 53 13 54
1 3 49 145 54 36
1 3 36 54 146 57
1 3 54 13 55 146
1 3 146 55 8 56
1 3 57 146 56 14
1 3 15 50 147 59
1 3 50 36 57 147
1 3 147 57 14 58
1 3 59 147 58 5
1 3 2 60 148 53
1 3 60 16 61 148
1 3 148 61 37 62
1 3 53 148 62 13
1 3 16 63 149 61
1 3 63 1 64 149
1 3 149 64 17 65
1 3 61 149 65 37
1 3 37 65 150 68
1 3 65 17 66 150
1 3 150 66 3 67
1 3 68 150 67 18
1 3 13 62 151 55
1 3 62 37 68 151
1 3 151 68 18 69
1 3 55 151 69 8
1 3 5 58 152 72
1 3 58 14 70 152
1 3 152 70 38 71
1 3 72 152 71 21
1 3 14 56 153 70
1 3 56 8 73 153
1 3 153 73 19 74
1 3 70 153 74 38
1 3 38 74 154 77
1 3 74 19 75 154
1 3 154 75 6 76
1 3 77 154 76 20
1 3 21 71 155 79
1 3 71 38 77 155
1 3 155 77 20 78
1 3 79 155 78 11
1 3 8 69 156 73
1 3 69 18 80 156
1 3 156 80 39 81
1 3 73 156 81 19
1 3 18 67 157 80
1 3 67 3 82 157
1 3 157 82 22 83
1 3 80 157 83 39
1 3 39 83 158 86
1 3 83 22 84 158
1 3 158 84 0 85
1 3 86 158 85 23
1 3 19 81 159 75
1 3 81 39 86 159
1 3 159 86 23 87
1 3 75 159 87 6
2 3 0 88 160 85
2 3 88 24 89 160
2 3 160 89 40 90
2 3 85 160 90 23
2 3 24 91 161 89
2 3 91 4 92 161
2 3 161 92 25 93
2 3 89 161 93 40
2 3 40 93 162 96
2 3 93 25 94 162
2 3 162 94 9 95
2 3 96 162 95 26
2 3 23 90 163 87
2 3 90 40 96 163
2 3 163 96 26 97
2 3 87 163 97 6
2 3 4 98 164 92
2 3 98 27 99 164
2 3 164 99 41 100
2 3 92 164 100 25
2 3 27 101 165 99
2 3 101 1 63 165
2 3 165 63 16 102
2 3 99 165 102 41
2 3 41 102 166 104
2 3 102 16 60 166
2 3 166 60 2 103
2 3 104 166 103 28
2 3 25 100 167 94
2 3 100 41 104 167
2 3 167 104 28 105
2 3 94 167 105 9
2 3 6 97 168 76
2 3 97 26 106 168
2 3 168 106 42 107
2 3 76 168 107 20
2 3 26 95 169 106
2 3 95 9 108 169
2 3 169 108 29 109
2 3 106 169 109 42
2 3 42 109 170 112
2 3 109 29 110 170
2 3 170 110 7 111
2 3 112 170 111 30
2 3 20 107 171 78
2 3 107 42 112 171
2 3 171 112 30 113
2 3 78 171 113 11
2 3 9 105 172 108
2 3 105 28 114 172
2 3 172 114 43 115
2 3 108 172 115 29
2 3 28 103 173 114
2 3 103 2 52 173
2 3 173 52 12 116
2 3 114 173 116 43
2 3 43 116 174 118
2 3 116 12 48 174
2 3 174 48 0 117
2 3 118 174 117 31
2 3 29 115 175 110
2 3 115 43 118 175
2 3 175 118 31 119
2 3 110 175 119 7
3 3 0 84 176 117
3 3 84 22 120 176
3 3 176 120 44 121
3 3 117 176 121 31
3 3 22 82 177 120
3 3 82 3 122 177
3 3 177 122 32 123
3 3 120 177 123 44
3 3 44 123 178 126
3 3 123 32 124 178
3 3 178 124 10 125
3 3 126 178 125 33
3 3 31 121 179 119
3 3 121 44 126 179
3 3 179 126 33 127
3 3 119 179 127 7
3 3 3 66 180 122
3 3 66 17 128 180
3 3 180 128 45 129
3 3 122 180 129 32
3 3 17 64 181 128
3 3 64 1 101 181
3 3 181 101 27 130
3 3 128 181 130 45
3 3 45 130 182 132
3 3 130 27 98 182
3 3 182 98 4 131
3 3 132 182 131 34
3 3 32 129 183 124
3 3 129 45 132 183
3 3 183 132 34 133
3 3 124 183 133 10
3 3 7 127 184 111
3 3 127 33 134 184
3 3 184 134 46 135
3 3 111 184 135 30
3 3 33 125 185 134
3 3 125 10 136 185
3 3 185 136 35 137
3 3 134 185 137 46
3 3 46 137 186 139
3 3 137 35 138 186
3 3 186 138 5 72
3 3 139 186 72 21
3 3 30 135 187 113
3 3 135 46 139 187
3 3 187 139 21 79
3 3 113 187 79 11
3 3 10 133 188 136
3 3 133 34 140 188
3 3 188 140 47 141
3 3 136 188 141 35
3 3 34 131 189 140
3 3 131 4 91 189
3 3 189 91 24 142
3 3 140 189 142 47
3 3 47 142 190 143
3 3 142 24 88 190
3 3 190 88 0 51
3 3 143 190 51 15
3 3 35 141 191 138
3 3 141 47 143 191
3 3 191 143 15 59
3 3 138 191 59 5

boundary
0

vertices
192

nodes
FiniteElementSpace
FiniteElementCollection: L2_T1_2D_P1
VDim: 2
Ordering: 1

-0.5 -0.8660254
-0.375 -0.8660254
-0.4375 -0.75777223
-0.3125 -0.75777223
-0.375 -0.8660254
-0.25 -0.8660254
-0.3125 -0.75777223
-0.1875 -0.75777223
-0.3125 -0.75777223
-0.1875 -0.75777223
-0.25 -0.64951905
-0.125 -0.64951905
-0.4375 -0.75777223
-0.3125 -0.75777223
-0.375 -0.64951905
-0.25 -0.64951905
-0.25 -0.8660254
-0.125 -0.8660254
-0.1875 -0.75777223
-0.0625 -0.75777223
-0.125 -0.8660254
0 -0.8660254
-0.0625 -0.75777223
0.0625 -0.75777223
-0.0625 -0.75777223
0.0625 -0.75777223
0 -0.64951905
0.125 -0.64951905
-0.1875 -0.75777223
-0.0625 -0.75777223
-0.125 -0.64951905
0 -0.64951905
-0.125 -0.64951905
0 -0.64951905
-0.0625 -0.54126588
0.0625 -0.54126588
0 -0.64951905
0.125 -0.64951905
0.0625 -0.54126588
0.1875 -0.54126588
0.0625 -0.54126588
0.1875 -0.54126588
0.125 -0.4330127
0.25 -0.4330127
-0.0625 -0.54126588
0.0625 -0.54126588
0 -0.4330127
0.125 -0.4330127
-0.375 -0.64951905
-0.25 -0.64951905
-0.3125 -0.54126588
-0.1875 -0.54126588
-0.25 -0.64951905
-0.125 -0.64951905
-0.1875 -0.54126588
-0.0625 -0.54126588
-0.1875 -0.54126588
-0.0625 -0.54126588
-0.125 -0.4330127
0 -0.4330127
-0.3125 -0.54126588
-0.1875 -0.54126588
-0.25 -0.4330127
-0.125 -0.4330127
0 -0.8660254
0.125 -0.8660254
0.0625 -0.75777223
0.1875 -0.75777223
0.125 -0.8660254
0.25 -0.8660254
0.1875 -0.75777223
0.3125 -0.75777223
0.1875 -0.75777223
0.3125 -0.75777223
0.25 -0.64951905
0.375 -0.64951905
0.0625 -0.75777223
0.1875 -0.75777223
0.125 -0.64951905
0.25 -0.64951905
0.25 -0.8660254
0.375 -0.8660254
0.3125 -0.75777223
0.4375 -0.75777223
0.375 -0.8660254
0.5 -0.8660254
0.4375 -0.75777223
0.5625 -0.75777223
0.4375 -0.75777223
0.5625 -0.75777223
0.5 -0.64951905
0.625 -0.64951905
0.3125 -0.75777223
0.4375 -0.75777223
0.375 -0.64951905
0.5 -0.64951905
0.375 -0.64951905
0.5 -0.64951905
0.4375 -0.54126588
0.5625 -0.54126588
0.5 -0.64951905
0.625 -0.64951905
0.5625 -0.54126588
0.6875 -0.54126588
0.5625 -0.54126588
0.6875 -0.54126588
0.625 -0.4330127
0.75 -0.4330127
0.4375 -0.54126588
0.5625 -0.54126588
0.5 -0.4330127
0.625 -0.4330127
0.125 -0.64951905
0.25 -0.64951905
0.1875 -0.54126588
0.3125 -0.54126588
0.25 -0.64951905
0.375 -0.64951905
0.3125 -0.54126588
0.4375 -0.54126588
0.3125 -0.54126588
0.4375 -0.54126588
0.375 -0.4330127
0.5 -0.4330127
0.1875 -0.54126588
0.3125 -0.54126588
0.25 -0.4330127
0.375 -0.4330127
-0.25 -0.4330127
-0.125 -0.4330127
-0.1875 -0.32475953
-0.0625 -0.32475953
-0.125 -0.4330127
0 -0.4330127
-0.0625 -0.32475953
0.0625 -0.32475953
-0.0625 -0.32475953
0.0625 -0.32475953
0 -0.21650635
0.125 -0.21650635
-0.1875 -0.32475953
-0.0625 -0.32475953
-0.125 -0.21650635
0 -0.21650635
0 -0.4330127
0.125 -0.4330127
0.0625 -0.32475953
0.1875 -0.32475953
0.125 -0.4330127
0.25 -0.4330127
0.1875 -0.32475953
0.3125 -0.32475953
0.1875 -0.32475953
0.3125 -0.32475953
0.25 -0.21650635
0.375 -0.21650635
0.0625 -0.32475953
0.1875 -0.32475953
0.125 -0.21650635
0.25 -0.21650635
0.125 -0.21650635
0.25 -0.21650635
0.1875 -0.10825318
0.3125 -0.10825318
0.25 -0.21650635
0.375 -0.21650635
0.3125 -0.10825318
0.4375 -0.10825318
0.3125 -0.10825318
0.4375 -0.10825318
0.375 0
0.5 0
0.1875 -0.10825318
0.3125 -0.10825318
0.25 0
0.375 0
-0.125 -0.21650635
0 -0.21650635
-0.0625 -0.10825318
0.0625 -0.10825318
0 -0.21650635
0.125 -0.21650635
0.0625 -0.10825318
0.1875 -0.10825318
0.0625 -0.10825318
0.1875 -0.10825318
0.125 0
0.25 0
-0.0625 -0.10825318
0.0625 -0.10825318
0 0
0.125 0
0.25 -0.4330127
0.375 -0.4330127
0.3125 -0.32475953
0.4375 -0.32475953
0.375 -0.4330127
0.5 -0.4330127
0.4375 -0.32475953
0.5625 -0.32475953
0.4375 -0.32475953
0.5625 -0.32475953
0.5 -0.21650635
0.625 -0.21650635
0.3125 -0.32475953
0.4375 -0.32475953
0.375 -0.21650635
0.5 -0.21650635
0.5 -0.4330127
0.625 -0.4330127
0.5625 -0.32475953
0.6875 -0.32475953
0.625 -0.4330127
0.75 -0.4330127
0.6875 -0.32475953
0.8125 -0.32475953
0.6875 -0.32475953
0.8125 -0.32475953
0.75 -0.21650635
0.875 -0.21650635
0.5625 -0.32475953
0.6875 -0.32475953
0.625 -0.21650635
0.75 -0.21650635
0.625 -0.21650635
0.75 -0.21650635
0.6875 -0.10825318
0.8125 -0.10825318
0.75 -0.21650635
0.875 -0.21650635
0.8125 -0.10825318
0.9375 -0.10825318
0.8125 -0.10825318
0.9375 -0.10825318
0.875 0
1 0
0.6875 -0.10825318
0.8125 -0.10825318
0.75 0
0.875 0
0.375 -0.21650635
0.5 -0.21650635
0.4375 -0.10825318
0.5625 -0.10825318
0.5 -0.21650635
0.625 -0.21650635
0.5625 -0.10825318
0.6875 -0.10825318
0.5625 -0.10825318
0.6875 -0.10825318
0.625 0
0.75 0
0.4375 -0.10825318
0.5625 -0.10825318
0.5 0
0.625 0
1 0
0.9375 0.10825318
0.875 0
0.8125 0.10825318
0.9375 0.10825318
0.875 0.21650635
0.8125 0.10825318
0.75 0.21650635
0.8125 0.10825318
0.75 0.21650635
0.6875 0.10825318
0.625 0.21650635
0.875 0
0.8125 0.10825318
0.75 0
0.6875 0.10825318
0.875 0.21650635
0.8125 0.32475953
0.75 0.21650635
0.6875 0.32475953
0.8125 0.32475953
0.75 0.4330127
0.6875 0.32475953
0.625 0.4330127
0.6875 0.32475953
0.625 0.4330127
0.5625 0.32475953
0.5 0.4330127
0.75 0.21650635
0.6875 0.32475953
0.625 0.21650635
0.5625 0.32475953
0.625 0.21650635
0.5625 0.32475953
0.5 0.21650635
0.4375 0.32475953
0.5625 0.32475953
0.5 0.4330127
0.4375 0.32475953
0.375 0.4330127
0.4375 0.32475953
0.375 0.4330127
0.3125 0.32475953
0.25 0.4330127
0.5 0.21650635
0.4375 0.32475953
0.375 0.21650635
0.3125 0.32475953
0.75 0
0.6875 0.10825318
0.625 0
0.5625 0.10825318
0.6875 0.10825318
0.625 0.21650635
0.5625 0.10825318
0.5 0.21650635
0.5625 0.10825318
0.5 0.21650635
0.4375 0.10825318
0.375 0.21650635
0.625 0
0.5625 0.10825318
0.5 0
0.4375 0.10825318
0.75 0.4330127
0.6875 0.54126588
0.625 0.4330127
0.5625 0.54126588
0.6875 0.54126588
0.625 0.64951905
0.5625 0.54126588
0.5 0.64951905
0.5625 0.54126588
0.5 0.64951905
0.4375 0.54126588
0.375 0.64951905
0.625 0.4330127
0.5625 0.54126588
0.5 0.4330127
0.4375 0.54126588
0.625 0.64951905
0.5625 0.75777223
0.5 0.64951905
0.4375 0.75777223
0.5625 0.75777223
0.5 0.8660254
0.4375 0.75777223
0.375 0.8660254
0.4375 0.75777223
0.375 0.8660254
0.3125 0.75777223
0.25 0.8660254
0.5 0.64951905
0.4375 0.75777223
0.375 0.64951905
0.3125 0.75777223
0.375 0.64951905
0.3125 0.75777223
0.25 0.64951905
0.1875 0.75777223
0.3125 0.75777223
0.25 0.8660254
0.1875 0.75777223
0.125 0.8660254
0.1875 0.75777223
0.125 0.8660254
0.0625 0.75777223
0 0.8660254
0.25 0.64951905
0.1875 0.75777223
0.125 0.64951905
0.0625 0.75777223
0.5 0.4330127
0.4375 0.54126588
0.375 0.4330127
0.3125 0.54126588
0.4375 0.54126588
0.375 0.64951905
0.3125 0.54126588
0.25 0.64951905
0.3125 0.54126588
0.25 0.64951905
0.1875 0.54126588
0.125 0.64951905
0.375 0.4330127
0.3125 0.54126588
0.25 0.4330127
0.1875 0.54126588
0.5 0
0.4375 0.10825318
0.375 0
0.3125 0.10825318
0.4375 0.10825318
0.375 0.21650635
0.3125 0.10825318
0.25 0.21650635
0.3125 0.10825318
0.25 0.21650635
0.1875 0.10825318
0.125 0.21650635
0.375 0
0.3125 0.10825318
0.25 0
0.1875 0.10825318
0.375 0.21650635
0.3125 0.32475953
0.25 0.21650635
0.1875 0.32475953
0.3125 0.32475953
0.25 0.4330127
0.1875 0.32475953
0.125 0.4330127
0.1875 0.32475953
0.125 0.4330127
0.0625 0.32475953
0 0.4330127
0.25 0.21650635
0.1875 0.32475953
0.125 0.21650635
0.0625 0.32475953
0.125 0.21650635
0.0625 0.32475953
0 0.21650635
-0.0625 0.32475953
0.0625 0.32475953
0 0.4330127
-0.0625 0.32475953
-0.125 0.4330127
-0.0625 0.32475953
-0.125 0.4330127
-0.1875 0.32475953
-0.25 0.4330127
0 0.21650635
-0.0625 0.32475953
-0.125 0.21650635
-0.1875 0.32475953
0.25 0
0.1875 0.10825318
0.125 0
0.0625 0.10825318
0.1875 0.10825318
0.125 0.21650635
0.0625 0.10825318
0 0.21650635
0.0625 0.10825318
0 0.21650635
-0.0625 0.10825318
-0.125 0.21650635
0.125 0
0.0625 0.10825318
0 0
-0.0625 0.10825318
0.25 0.4330127
0.1875 0.54126588
0.125 0.4330127
0.0625 0.54126588
0.1875 0.54126588
0.125 0.64951905
0.0625 0.54126588
0 0.64951905
0.0625 0.54126588
0 0.64951905
-0.0625 0.54126588
-0.125 0.64951905
0.125 0.4330127
0.0625 0.54126588
0 0.4330127
-0.0625 0.54126588
0.125 0.64951905
0.0625 0.75777223
0 0.64951905
-0.0625 0.75777223
0.0625 0.75777223
0 0.8660254
-0.0625 0.75777223
-0.125 0.8660254
-0.0625 0.75777223
-0.125 0.8660254
-0.1875 0.75777223
-0.25 0.8660254
0 0.64951905
-0.0625 0.75777223
-0.125 0.64951905
-0.1875 0.75777223
-0.125 0.64951905
-0.1875 0.75777223
-0.25 0.64951905
-0.3125 0.75777223
-0.1875 0.75777223
-0.25 0.8660254
-0.3125 0.75777223
-0.375 0.8660254
-0.3125 0.75777223
-0.375 0.8660254
-0.4375 0.75777223
-0.5 0.8660254
-0.25 0.64951905
-0.3125 0.75777223
-0.375 0.64951905
-0.4375 0.75777223
0 0.4330127
-0.0625 0.54126588
-0.125 0.4330127
-0.1875 0.54126588
-0.0625 0.54126588
-0.125 0.64951905
-0.1875 0.54126588
-0.25 0.64951905
-0.1875 0.54126588
-0.25 0.64951905
-0.3125 0.54126588
-0.375 0.64951905
-0.125 0.4330127
-0.1875 0.54126588
-0.25 0.4330127
-0.3125 0.54126588
-0.5 0.8660254
-0.5625 0.75777223
-0.4375 0.75777223
-0.5 0.64951905
-0.5625 0.75777223
-0.625 0.64951905
-0.5 0.64951905
-0.5625 0.54126588
-0.5 0.64951905
-0.5625 0.54126588
-0.4375 0.54126588
-0.5 0.4330127
-0.4375 0.75777223
-0.5 0.64951905
-0.375 0.64951905
-0.4375 0.54126588
-0.625 0.64951905
-0.6875 0.54126588
-0.5625 0.54126588
-0.625 0.4330127
-0.6875 0.54126588
-0.75 0.4330127
-0.625 0.4330127
-0.6875 0.32475953
-0.625 0.4330127
-0.6875 0.32475953
-0.5625 0.32475953
-0.625 0.21650635
-0.5625 0.54126588
-0.625 0.4330127
-0.5 0.4330127
-0.5625 0.32475953
-0.5 0.4330127
-0.5625 0.32475953
-0.4375 0.32475953
-0.5 0.21650635
-0.5625 0.32475953
-0.625 0.21650635
-0.5 0.21650635
-0.5625 0.10825318
-0.5 0.21650635
-0.5625 0.10825318
-0.4375 0.10825318
-0.5 0
-0.4375 0.32475953
-0.5 0.21650635
-0.375 0.21650635
-0.4375 0.10825318
-0.375 0.64951905
-0.4375 0.54126588
-0.3125 0.54126588
-0.375 0.4330127
-0.4375 0.54126588
-0.5 0.4330127
-0.375 0.4330127
-0.4375 0.32475953
-0.375 0.4330127
-0.4375 0.32475953
-0.3125 0.32475953
-0.375 0.21650635
-0.3125 0.54126588
-0.375 0.4330127
-0.25 0.4330127
-0.3125 0.32475953
-0.75 0.4330127
-0.8125 0.32475953
-0.6875 0.32475953
-0.75 0.21650635
-0.8125 0.32475953
-0.875 0.21650635
-0.75 0.21650635
-0.8125 0.10825318
-0.75 0.21650635
-0.8125 0.10825318
-0.6875 0.10825318
-0.75 0
-0.6875 0.32475953
-0.75 0.21650635
-0.625 0.21650635
-0.6875 0.10825318
-0.875 0.21650635
-0.9375 0.10825318
-0.8125 0.10825318
-0.875 0
-0.9375 0.10825318
-1 0
-0.875 0
-0.9375 -0.10825318
-0.875 0
-0.9375 -0.10825318
-0.8125 -0.10825318
-0.875 -0.21650635
-0.8125 0.10825318
-0.875 0
-0.75 0
-0.8125 -0.10825318
-0.75 0
-0.8125 -0.10825318
-0.6875 -0.10825318
-0.75 -0.21650635
-0.8125 -0.10825318
-0.875 -0.21650635
-0.75 -0.21650635
-0.8125 -0.32475953
-0.75 -0.21650635
-0.8125 -0.32475953
-0.6875 -0.32475953
-0.75 -0.4330127
-0.6875 -0.10825318
-0.75 -0.21650635
-0.625 -0.21650635
-0.6875 -0.32475953
-0.625 0.21650635
-0.6875 0.10825318
-0.5625 0.10825318
-0.625 0
-0.6875 0.10825318
-0.75 0
-0.625 0
-0.6875 -0.10825318
-0.625 0
-0.6875 -0.10825318
-0.5625 -0.10825318
-0.625 -0.21650635
-0.5625 0.10825318
-0.625 0
-0.5 0
-0.5625 -0.10825318
-0.25 0.4330127
-0.3125 0.32475953
-0.1875 0.32475953
-0.25 0.21650635
-0.3125 0.32475953
-0.375 0.21650635
-0.25 0.21650635
-0.3125 0.10825318
-0.25 0.21650635
-0.3125 0.10825318
-0.1875 0.10825318
-0.25 0
-0.1875 0.32475953
-0.25 0.21650635
-0.125 0.21650635
-0.1875 0.10825318
-0.375 0.21650635
-0.4375 0.10825318
-0.3125 0.10825318
-0.375 0
-0.4375 0.10825318
-0.5 0
-0.375 0
-0.4375 -0.10825318
-0.375 0
-0.4375 -0.10825318
-0.3125 -0.10825318
-0.375 -0.21650635
-0.3125 0.10825318
-0.375 0
-0.25 0
-0.3125 -0.10825318
-0.25 0
-0.3125 -0.10825318
-0.1875 -0.10825318
-0.25 -0.21650635
-0.3125 -0.10825318
-0.375 -0.21650635
-0.25 -0.21650635
-0.3125 -0.32475953
-0.25 -0.21650635
-0.3125 -0.32475953
-0.1875 -0.32475953
-0.25 -0.4330127
-0.1875 -0.10825318
-0.25 -0.21650635
-0.125 -0.21650635
-0.1875 -0.32475953
-0.125 0.21650635
-0.1875 0.10825318
-0.0625 0.10825318
-0.125 0
-0.1875 0.10825318
-0.25 0
-0.125 0
-0.1875 -0.10825318
-0.125 0
-0.1875 -0.10825318
-0.0625 -0.10825318
-0.125 -0.21650635
-0.0625 0.10825318
-0.125 0
0 0
-0.0625 -0.10825318
-0.5 0
-0.5625 -0.10825318
-0.4375 -0.10825318
-0.5 -0.21650635
-0.5625 -0.10825318
-0.625 -0.21650635
-0.5 -0.21650635
-0.5625 -0.32475953
-0.5 -0.21650635
-0.5625 -0.32475953
-0.4375 -0.32475953
-0.5 -0.4330127
-0.4375 -0.10825318
-0.5 -0.21650635
-0.375 -0.21650635
-0.4375 -0.32475953
-0.625 -0.21650635
-0.6875 -0.32475953
-0.5625 -0.32475953
-0.625 -0.4330127
-0.6875 -0.32475953
-0.75 -0.4330127
-0.625 -0.4330127
-0.6875 -0.54126588
-0.625 -0.4330127
-0.6875 -0.54126588
-0.5625 -0.54126588
-0.625 -0.64951905
-0.5625 -0.32475953
-0.625 -0.4330127
-0.5 -0.4330127
-0.5625 -0.54126588
-0.5 -0.4330127
-0.5625 -0.54126588
-0.4375 -0.54126588
-0.5 -0.64951905
-0.5625 -0.54126588
-0.625 -0.64951905
-0.5 -0.64951905
-0.5625 -0.75777223
-0.5 -0.64951905
-0.5625 -0.75777223
-0.4375 -0.75777223
-0.5 -0.8660254
-0.4375 -0.54126588
-0.5 -0.64951905
-0.375 -0.64951905
-0.4375 -0.75777223
-0.375 -0.21650635
-0.4375 -0.32475953
-0.3125 -0.32475953
-0.375 -0.4330127
-0.4375 -0.32475953
-0.5 -0.4330127
-0.375 -0.4330127
-0.4375 -0.54126588
-0.375 -0.4330127
-0.4375 -0.54126588
-0.3125 -0.54126588
-0.375 -0.64951905
-0.3125 -0.32475953
-0.375 -0.4330127
-0.25 -0.4330127
-0.3125 -0.54126588
